   48      58
    1      14     710
    1      17    6813
    1      18    8401
    2      41   18714
    3      28   13525
    3      31   18375
    3      32    1319
    4       6    2245
    4      22    4268
    5      24   10661
    6      21   13844
    6      26   18035
    7      21   13358
    7      29    2583
    8      28    6053
    8      37   11763
    9      35    7771
    9      37   12416
   10      46    8024
   11      23    5815
   11      26    9834
   11      27   15382
   11      34   12189
   12      45    3789
   13      32    8189
   13      36    7156
   14      30   11564
   14      41   10213
   15      16   14726
   16      20   16074
   18      34   10281
   18      43     487
   19      20   16486
   20      30   12935
   20      32   11711
   20      34    5190
   22      24   13083
   23      24   18405
   23      32   12153
   23      41   13824
   25      44    3429
   27      29     529
   27      39    1173
   27      40    6293
   28      48   19375
   29      41   16961
   30      35    7350
   30      42   10029
   31      35   17682
   32      43    7926
   32      44    2197
   33      35     781
   36      45    9178
   37      40    5080
   37      41   12851
   38      44     916
   42      46    1944
   44      47    4329
