  500     500
    1     291   84411
    2      67    7543
    2     149   65750
    2     308   44710
    3     112   18869
    3     212   97114
    3     298   28066
    3     314   92957
    3     456   11089
    3     481   85169
    4     348   74432
    4     360   24469
    4     486   77262
    5     124   54991
    5     256   89684
    6      22   51788
    6     394    8376
    7      41   12159
    8     437   26163
    9     356    9982
   10      36   16456
   10     175   92721
   11     459    2605
   12     445   83057
   13     137   17846
   14     150   47342
   15     111   25071
   16     129    1276
   17      59   91391
   17     122   55243
   18     163   20259
   18     416    8534
   19     316   19451
   19     393   66244
   20      92   32953
   20      98   78330
   20     183   53466
   21     282   78557
   23     199   89807
   24     170   30828
   25      73   68799
   25     190   39063
   25     234   79427
   26     198   91700
   27     484   39419
   28     433   94713
   29     362   55020
   29     382   83385
   30      73   38393
   30     417   58626
   30     453   52226
   31     409    1347
   31     423   52440
   32     459   50782
   33     355   47083
   34     414    5761
   35     260   99332
   36     255   62758
   36     404    6029
   37     190   64472
   38     226   100727
   38     256   39593
   39     281   101936
   39     378   69658
   40     251   58439
   41      74   42406
   41      93    4803
   41     149   25155
   42     104   42994
   43      81   47113
   43     267   11365
   44     202   91540
   44     204   81689
   45     482   56002
   46      48   83897
   47     271   49457
   48     271    8644
   49     353   97289
   50     151   19286
   50     283   31483
   50     469   49281
   51      64    1226
   52     286   18969
   52     403   42738
   53     118   82605
   53     424   43127
   54     130   81184
   54     208   98513
   54     238   58103
   54     245   21684
   54     383   86861
   55     165   50229
   55     203   17690
   55     235   29925
   56      72   46572
   56     156    1425
   56     400   90857
   56     483   79772
   57     121   92048
   57     147   50390
   57     421   94175
   57     440    6617
   58     221      44
   58     319   42248
   59     415   85908
   59     496   51216
   60     448   88006
   61     381   34814
   62     211   46866
   62     235   12630
   63     351   100051
   64     119   88812
   64     126   62773
   64     208   56051
   64     402    3471
   65     498   46397
   66     336    1253
   68     106   101763
   69     274   21803
   69     330    7117
   69     449   21526
   70     282   30604
   70     498   34490
   71     269   42072
   71     306   31738
   72     129   40962
   73     132    7764
   73     338   45099
   73     393   48069
   73     414   56491
   75     352   66162
   76     158   35347
   76     216   38871
   77     323   14109
   77     355   38404
   78     158   43186
   78     306   17402
   78     388   11811
   78     485   75452
   79     276   22843
   80     271    9763
   80     408   86756
   82     336   59358
   82     476    5372
   83     287   22575
   83     320   68374
   83     348   43578
   83     354   62051
   83     483   83138
   84     261   44789
   85     318   62990
   86     102   59106
   86     491   29134
   87     188   32262
   88     180   40031
   88     190   48218
   89     271   19287
   90     194   29574
   91     267   27046
   92     207   94316
   92     227   38412
   94     500   98992
   95     347   88120
   96     246   31838
   96     287   26459
   97     343   82662
   99     453   75075
  100     182   49502
  100     385   97756
  101     450   101039
  103     330   77175
  104     254   90619
  104     319    2401
  105     133   99543
  105     230    5219
  105     272   23638
  105     332    5126
  106     275   21429
  106     315   81571
  107     155   85673
  108     438   95577
  109     322    2623
  110     311   64699
  111     332   83794
  113     274   60554
  114     207   87689
  115     499   100066
  116     170   19630
  117     330   17809
  118     121   99278
  120     229   22718
  120     345   30426
  120     459   33873
  121     153   52461
  121     189    9515
  121     485   65539
  122     457   51875
  123     144   96953
  123     166   82699
  123     349   36196
  123     431   51290
  123     489   26458
  125     137   80790
  125     219   33669
  127     173    5791
  128     208   68487
  128     210   78116
  128     305   19196
  129     171   69838
  129     344    8296
  131     483   70395
  132     266   26670
  132     330   24603
  133     164   56492
  133     188   48676
  134     176   47956
  134     187   77455
  134     341   13154
  134     398   61496
  134     488   37204
  135     470   49894
  136     442   16788
  136     446   33290
  137     266   55724
  138     461   76263
  139     305   95445
  139     401   43239
  140     412    5530
  141     254   101421
  142     203   35351
  142     333   38722
  143     178   64957
  143     188   42362
  144     423     177
  144     460   48496
  145     491   77328
  146     217   54823
  146     328   65208
  146     353   90694
  147     181   77342
  147     379   36362
  148     231   59990
  148     253   56899
  148     285   99672
  148     488   90002
  149     168   29161
  149     173   56428
  149     223   56613
  149     299   64291
  149     419   23019
  149     500    1294
  150     191   36064
  150     354   102382
  150     376   59406
  151     235   30702
  151     290   18661
  151     437   57447
  151     485   54168
  151     498   73405
  152     209   93123
  154     321    7088
  155     243   44541
  155     304   100396
  155     340   64214
  155     452   91795
  157     185   15180
  157     247   23224
  159     204   68523
  160     455    5466
  161     496   62895
  162     323   44239
  163     241   69308
  163     342   90922
  163     363   78430
  163     438   12994
  165     218   70854
  165     356   37562
  166     279   23851
  166     311   102024
  166     362   38941
  167     333   27330
  168     226   100189
  168     354   95962
  168     355   47726
  169     317   12855
  170     445   87322
  172     186   16571
  172     273   74385
  174     192   42243
  177     419   20204
  178     277   46574
  179     190   87984
  179     300   15124
  182     193   60189
  182     343   51621
  182     346   18995
  182     352   10053
  182     442   94068
  183     209   87558
  183     410   73165
  184     359   27105
  186     361   65631
  186     490   90234
  187     278   100452
  189     492   99248
  190     364   82819
  190     462   84361
  192     198   21035
  192     243   25184
  193     255   44792
  193     311   58446
  193     353   89092
  193     464   95784
  194     202   29800
  195     290   81867
  195     420   78346
  196     465   84578
  197     276   11306
  197     357   65415
  197     413   91755
  197     463   20877
  199     359    8286
  200     241   27314
  200     365   89174
  201     252   87324
  202     226    4678
  202     474   100782
  203     391   55190
  203     428    6009
  205     278   14522
  206     499   40730
  208     209   54236
  208     229   42275
  208     257   19387
  208     330    6716
  208     405   51205
  209     265   25891
  209     472   72831
  212     257   19652
  213     406   30654
  213     479   24947
  214     222   95219
  214     317   67024
  215     376   54285
  220     243   102040
  220     329   92403
  221     226   47946
  222     347   61894
  224     498   57148
  225     237    4429
  225     336   71185
  227     478   36654
  228     400    1049
  229     359   71142
  229     441   65704
  230     264   54104
  230     326   70381
  230     339    8014
  230     370   10746
  231     233   81521
  231     355   79361
  232     302   21229
  232     381   29322
  235     327   59122
  235     455   89549
  236     471   62649
  237     366   39027
  239     272   28627
  240     408   96040
  242     354   76388
  243     251   72779
  243     467   42666
  243     500   67898
  244     293   31375
  246     466   11163
  247     363   38415
  247     427   42101
  247     430   52512
  247     477    1353
  248     337   78716
  249     358   56915
  249     396   11679
  249     485   37226
  250     378   63163
  252     294   36841
  252     312   81568
  254     378   52085
  256     457   94361
  257     443   102289
  258     485   57714
  259     297   17471
  259     461   19836
  260     465   83099
  260     469   22184
  261     391   65698
  262     402   92854
  263     381    8087
  265     461    3359
  267     359   102366
  268     325   89342
  268     347   20865
  268     374   12924
  268     469   95712
  270     308   49094
  271     294   26476
  271     330   85961
  272     354   66714
  273     296    3219
  275     310   85149
  275     332   21823
  276     454   98121
  279     292    6403
  280     373   92449
  284     362   62743
  285     373   43073
  285     450   28925
  285     471   19891
  286     445   11336
  286     489   28732
  286     491   43564
  287     369   78224
  288     381   59345
  289     493   91449
  290     309   74569
  291     357   21400
  293     354   44681
  295     469   35715
  301     439   49190
  303     359   51572
  304     429   27017
  304     499   33887
  305     361   28946
  305     444   79225
  306     430   13332
  306     432    5474
  306     433   98857
  307     391   83267
  309     380   80760
  311     381   25684
  312     334   88722
  313     353   23671
  315     350   85642
  318     390   22523
  319     367   18678
  320     372   91372
  321     393   26835
  322     355   99223
  324     351   80319
  330     355   69190
  330     439   83504
  331     335   80590
  331     393   79808
  336     469   88602
  337     351   14135
  337     408    4076
  338     493    8285
  340     426   28140
  341     458   65585
  347     495   89815
  349     389   31155
  353     451   16561
  354     448   10795
  354     494   33467
  355     485   68375
  357     373   95715
  359     497   95742
  363     371   44616
  364     434   100296
  368     408   19472
  371     475   70499
  375     470   99192
  376     394   80386
  377     406   41676
  377     422   13747
  378     487   98455
  381     468   84768
  381     470   54043
  384     445   50065
  386     485   37690
  387     391   32166
  390     392   54864
  390     439   70447
  393     477    6900
  395     497   21724
  397     459   55055
  399     491   68166
  402     473    9953
  405     447   52002
  406     435   81682
  406     448   72412
  407     471   79857
  411     455     111
  412     439   50140
  412     484   51824
  418     485   29082
  425     469   27581
  436     498   73214
  437     482    6078
  448     489   45413
  479     480   36426
