   96     128
    1      70   76973
    1      95    8985
    2      21   79453
    2      34   55675
    3      16    3006
    3      23    6549
    3      67   46795
    4      18   25169
    4      43   79962
    4      46    8297
    5       6   38528
    5      21   68695
    5      95   90500
    6      70    8501
    7      14   59017
    7      77   61301
    8      15   55643
    9      31   81886
    9      56   90265
    9      59   59310
    9      84    1292
   10      59   16781
   10      85   17804
   11      50   44494
   11      89   44552
   12      13   54415
   12      19   22052
   12      24   12685
   12      45   89913
   12      69   94550
   12      71   25489
   12      83   70404
   12      86   97320
   14      49   11972
   14      56   97938
   15      77    8392
   16      33   87477
   16      42    3114
   16      62   60997
   16      73   55407
   17      52    8553
   17      68   44707
   18      55   83837
   20      48   98108
   20      79   62636
   21      37    8535
   21      38   79406
   21      65   97224
   21      74   94980
   21      84    7018
   22      62   20551
   22      64   61058
   25      64    9353
   25      73   17057
   26      46   10131
   27      86   77373
   28      45   85355
   28      87   36194
   29      36    3075
   29      44   36063
   30      62   64280
   31      63   31673
   31      70    2139
   32      71   95399
   32      79   66748
   33      38   96708
   33      88   76675
   34      49   93875
   35      76   96739
   36      86    3312
   38      62   98157
   39      70   74884
   40      77   11889
   41      52   19376
   41      58   40097
   41      68   18493
   42      47   82761
   42      54   19836
   42      59   92726
   42      76   85705
   42      93   90796
   42      94   54357
   43      60   62826
   44      50   26669
   44      52   23470
   44      60   64886
   44      83   25782
   44      84   15574
   45      73   62079
   45      78   79145
   46      53   31069
   47      95   69782
   48      63   47722
   48      68   28871
   48      73   41040
   49      57   33361
   49      59   23918
   50      65   23843
   51      75   93293
   51      91     605
   55      66   57050
   56      81   37839
   61      94   60316
   62      63   46270
   62      65     625
   62      86   23436
   62      91   77668
   64      80   11724
   65      90   30465
   66      91   33663
   66      95   58391
   67      71   57095
   67      88   75499
   69      70   41404
   69      88    1427
   69      96   25512
   70      92   83518
   71      74   24371
   71      90   66983
   72      75    2147
   75      91   52741
   76      91   31284
   77      89   55519
   78      96   65674
   80      90     511
   80      91   45426
   82      91   60359
   89      91   65627
