11 23 41 14 1
11 23 41 2
11 23 32 3
11 26 6 4
11 23 24 5
11 26 6
11 27 29 7
11 27 40 37 8
11 27 40 37 9
11 34 20 30 42 46 10
11 11
11 23 32 13 36 45 12
11 23 32 13
11 23 41 14
11 34 20 16 15
11 34 20 16
11 23 41 14 1 17
11 34 18
11 34 20 19
11 34 20
11 27 29 7 21
11 26 6 4 22
11 23
11 23 24
11 23 32 44 25
11 26
11 27
11 23 32 3 28
11 27 29
11 34 20 30
11 23 32 3 31
11 23 32
11 34 20 30 35 33
11 34
11 34 20 30 35
11 23 32 13 36
11 27 40 37
11 23 32 44 38
11 27 39
11 27 40
11 23 41
11 34 20 30 42
11 34 18 43
11 23 32 44
11 23 32 13 36 45
11 34 20 30 42 46
11 23 32 44 47
11 23 32 3 28 48
