11 459 120 229 208 330 355 231 148 285 373 357 291 1
11 459 120 229 208 330 355 168 149 2
11 459 120 229 208 257 212 3
11 459 120 229 208 330 355 168 354 83 348 4
11 459 120 229 208 330 355 168 226 38 256 5
11 459 120 229 208 330 355 168 354 150 376 394 6
11 459 120 229 208 330 355 168 149 41 7
11 459 120 229 208 330 355 485 151 437 8
11 459 120 229 208 330 355 485 151 235 55 165 356 9
11 459 120 229 208 330 355 168 354 448 489 123 166 311 193 255 36 10
11 11
11 459 120 229 208 330 355 168 354 448 489 286 445 12
11 459 120 229 208 330 132 266 137 13
11 459 120 229 208 330 355 168 354 150 14
11 459 120 229 208 330 355 168 354 272 105 332 111 15
11 459 120 229 208 330 355 168 354 83 483 56 72 129 16
11 459 120 229 208 330 355 168 226 38 256 457 122 17
11 459 120 229 208 330 132 73 393 477 247 363 163 18
11 459 120 229 208 330 132 73 393 19
11 459 120 229 208 209 183 20
11 459 120 229 208 330 355 485 151 498 70 282 21
11 459 120 229 208 330 355 168 354 150 376 394 6 22
11 459 120 229 359 199 23
11 459 120 229 208 330 355 168 354 448 489 286 445 170 24
11 459 120 229 208 330 132 73 25
11 459 120 229 208 330 355 168 149 500 243 192 198 26
11 459 120 229 208 330 439 412 484 27
11 459 120 229 208 330 132 73 393 477 247 430 306 433 28
11 459 120 229 208 330 355 168 354 448 489 123 166 362 29
11 459 120 229 208 330 132 73 30
11 459 120 229 208 330 355 168 354 448 489 123 144 423 31
11 459 32
11 459 120 229 208 330 355 33
11 459 120 229 208 330 132 73 414 34
11 459 120 229 208 330 355 485 151 50 469 260 35
11 459 120 229 208 330 355 168 354 448 489 123 166 311 193 255 36
11 459 120 229 208 330 132 73 25 190 37
11 459 120 229 208 330 355 168 226 38
11 459 120 229 208 330 355 168 226 221 58 319 104 254 378 39
11 459 120 229 208 330 355 168 149 500 243 251 40
11 459 120 229 208 330 355 168 149 41
11 459 120 229 208 330 355 168 226 221 58 319 104 42
11 459 120 229 359 267 43
11 459 120 229 208 330 355 168 226 202 44
11 459 120 229 208 330 355 485 151 437 482 45
11 459 120 229 208 330 271 48 46
11 459 120 229 208 330 271 47
11 459 120 229 208 330 271 48
11 459 120 229 208 330 355 168 354 448 489 123 166 311 193 353 49
11 459 120 229 208 330 355 485 151 50
11 459 120 229 208 64 51
11 459 120 229 208 330 355 168 354 448 489 286 52
11 459 120 229 208 330 355 485 121 118 53
11 459 120 229 208 54
11 459 120 229 208 330 355 485 151 235 55
11 459 120 229 208 330 355 168 354 83 483 56
11 459 120 229 208 330 355 485 121 57
11 459 120 229 208 330 355 168 226 221 58
11 459 120 229 208 330 355 168 226 38 256 457 122 17 59
11 459 120 229 208 330 355 168 354 448 60
11 459 120 229 208 330 355 168 354 448 489 123 166 311 381 61
11 459 120 229 208 330 355 485 151 235 62
11 459 120 229 208 330 271 80 408 337 351 63
11 459 120 229 208 64
11 459 120 229 208 330 355 485 151 498 65
11 459 120 229 208 330 355 485 151 50 469 336 66
11 459 120 229 208 330 355 168 149 2 67
11 459 120 229 208 330 355 168 354 272 105 332 275 106 68
11 459 120 229 208 330 69
11 459 120 229 208 330 355 485 151 498 70
11 459 120 229 208 330 132 73 393 477 247 430 306 71
11 459 120 229 208 330 355 168 354 83 483 56 72
11 459 120 229 208 330 132 73
11 459 120 229 208 330 355 168 149 41 74
11 459 120 229 208 330 355 168 354 448 489 123 166 311 193 182 352 75
11 459 120 229 208 330 132 73 393 477 247 430 306 78 158 76
11 459 120 229 208 330 355 77
11 459 120 229 208 330 132 73 393 477 247 430 306 78
11 459 120 229 208 330 355 231 148 285 373 357 197 276 79
11 459 120 229 208 330 271 80
11 459 120 229 359 267 43 81
11 459 120 229 208 330 355 485 151 50 469 336 82
11 459 120 229 208 330 355 168 354 83
11 459 120 229 208 330 355 485 151 235 55 203 391 261 84
11 459 120 229 208 330 439 390 318 85
11 459 120 229 208 330 355 168 354 448 489 286 491 86
11 459 120 229 208 330 355 168 354 272 105 133 188 87
11 459 120 229 208 330 132 73 25 190 88
11 459 120 229 208 330 271 89
11 459 120 229 208 330 355 168 226 202 194 90
11 459 120 229 359 267 91
11 459 120 229 208 209 183 20 92
11 459 120 229 208 330 355 168 149 41 93
11 459 120 229 208 330 355 168 149 500 94
11 459 120 229 208 330 355 485 151 50 469 268 347 95
11 459 120 229 208 330 355 168 354 83 287 96
11 459 120 229 208 330 355 168 354 448 489 123 166 311 193 182 343 97
11 459 120 229 208 209 183 20 98
11 459 120 229 208 330 132 73 30 453 99
11 459 120 229 208 330 355 168 354 448 489 123 166 311 193 182 100
11 459 120 229 208 330 355 231 148 285 450 101
11 459 120 229 208 330 355 168 354 448 489 286 491 86 102
11 459 120 229 208 330 103
11 459 120 229 208 330 355 168 226 221 58 319 104
11 459 120 229 208 330 355 168 354 272 105
11 459 120 229 208 330 355 168 354 272 105 332 275 106
11 459 120 229 208 330 355 168 149 500 243 155 107
11 459 120 229 208 330 132 73 393 477 247 363 163 438 108
11 459 120 229 208 330 355 322 109
11 459 120 229 208 330 355 168 354 448 489 123 166 311 110
11 459 120 229 208 330 355 168 354 272 105 332 111
11 459 120 229 208 257 212 3 112
11 459 120 229 208 330 69 274 113
11 459 120 229 208 209 183 20 92 207 114
11 459 120 229 208 330 355 168 149 500 243 155 304 499 115
11 459 120 229 208 330 355 168 354 448 489 286 445 170 116
11 459 120 229 208 330 117
11 459 120 229 208 330 355 485 121 118
11 459 120 229 208 64 119
11 459 120
11 459 120 229 208 330 355 485 121
11 459 120 229 208 330 355 168 226 38 256 457 122
11 459 120 229 208 330 355 168 354 448 489 123
11 459 120 229 208 330 355 168 226 38 256 5 124
11 459 120 229 208 330 132 266 137 125
11 459 120 229 208 64 126
11 459 120 229 208 330 355 168 149 173 127
11 459 120 229 208 128
11 459 120 229 208 330 355 168 354 83 483 56 72 129
11 459 120 229 208 54 130
11 459 120 229 208 330 355 168 354 83 483 131
11 459 120 229 208 330 132
11 459 120 229 208 330 355 168 354 272 105 133
11 459 120 229 208 330 355 231 148 488 134
11 459 120 229 208 330 355 168 354 448 489 123 166 311 381 470 135
11 459 120 229 208 330 355 168 354 448 489 123 166 311 193 182 442 136
11 459 120 229 208 330 132 266 137
11 459 120 229 208 209 265 461 138
11 459 120 229 208 128 305 139
11 459 120 229 208 330 439 412 140
11 459 120 229 208 330 355 168 226 221 58 319 104 254 141
11 459 120 229 208 330 355 485 151 235 55 203 142
11 459 120 229 208 330 355 168 354 272 105 133 188 143
11 459 120 229 208 330 355 168 354 448 489 123 144
11 459 120 229 208 330 355 168 354 448 489 286 491 145
11 459 120 229 208 330 355 168 354 448 489 123 166 311 193 353 146
11 459 120 229 208 330 355 485 121 57 147
11 459 120 229 208 330 355 231 148
11 459 120 229 208 330 355 168 149
11 459 120 229 208 330 355 168 354 150
11 459 120 229 208 330 355 485 151
11 459 120 229 208 209 152
11 459 120 229 208 330 355 485 121 153
11 459 120 229 208 330 132 73 393 321 154
11 459 120 229 208 330 355 168 149 500 243 155
11 459 120 229 208 330 355 168 354 83 483 56 156
11 459 120 229 208 330 132 73 393 477 247 157
11 459 120 229 208 330 132 73 393 477 247 430 306 78 158
11 459 120 229 208 330 355 168 226 202 44 204 159
11 459 120 229 208 330 355 485 151 235 455 160
11 459 120 229 208 330 355 168 226 38 256 457 122 17 59 496 161
11 459 120 229 208 330 355 77 323 162
11 459 120 229 208 330 132 73 393 477 247 363 163
11 459 120 229 208 330 355 168 354 272 105 133 164
11 459 120 229 208 330 355 485 151 235 55 165
11 459 120 229 208 330 355 168 354 448 489 123 166
11 459 120 229 208 330 355 485 151 235 55 203 142 333 167
11 459 120 229 208 330 355 168
11 459 120 229 208 330 355 485 151 50 469 268 347 222 214 317 169
11 459 120 229 208 330 355 168 354 448 489 286 445 170
11 459 120 229 208 330 355 168 354 83 483 56 72 129 171
11 459 120 229 208 128 305 361 186 172
11 459 120 229 208 330 355 168 149 173
11 459 120 229 208 330 355 168 149 500 243 192 174
11 459 120 229 208 330 355 168 354 448 489 123 166 311 193 255 36 10 175
11 459 120 229 208 330 355 231 148 488 134 176
11 459 120 229 208 330 355 168 149 419 177
11 459 120 229 208 330 355 168 354 272 105 133 188 143 178
11 459 120 229 208 330 132 73 25 190 179
11 459 120 229 208 330 132 73 25 190 88 180
11 459 120 229 208 330 355 485 121 57 147 181
11 459 120 229 208 330 355 168 354 448 489 123 166 311 193 182
11 459 120 229 208 209 183
11 459 120 229 359 184
11 459 120 229 208 330 132 73 393 477 247 157 185
11 459 120 229 208 128 305 361 186
11 459 120 229 208 330 355 231 148 488 134 187
11 459 120 229 208 330 355 168 354 272 105 133 188
11 459 120 229 208 330 355 485 121 189
11 459 120 229 208 330 132 73 25 190
11 459 120 229 208 330 355 168 354 150 191
11 459 120 229 208 330 355 168 149 500 243 192
11 459 120 229 208 330 355 168 354 448 489 123 166 311 193
11 459 120 229 208 330 355 168 226 202 194
11 459 120 229 208 330 355 485 151 290 195
11 459 120 229 208 330 355 485 151 50 469 260 465 196
11 459 120 229 208 330 355 231 148 285 373 357 197
11 459 120 229 208 330 355 168 149 500 243 192 198
11 459 120 229 359 199
11 459 120 229 208 330 132 73 393 477 247 363 163 241 200
11 459 120 229 208 330 271 294 252 201
11 459 120 229 208 330 355 168 226 202
11 459 120 229 208 330 355 485 151 235 55 203
11 459 120 229 208 330 355 168 226 202 44 204
11 459 120 229 208 330 355 231 148 488 134 187 278 205
11 459 120 229 208 330 355 168 149 500 243 155 304 499 206
11 459 120 229 208 209 183 20 92 207
11 459 120 229 208
11 459 120 229 208 209
11 459 120 229 208 128 210
11 459 120 229 208 330 355 485 151 235 62 211
11 459 120 229 208 257 212
11 459 120 229 208 330 355 168 354 448 406 213
11 459 120 229 208 330 355 485 151 50 469 268 347 222 214
11 459 120 229 208 330 355 168 354 150 376 215
11 459 120 229 208 330 132 73 393 477 247 430 306 78 158 76 216
11 459 120 229 208 330 355 168 354 448 489 123 166 311 193 353 146 217
11 459 120 229 208 330 355 485 151 235 55 165 218
11 459 120 229 208 330 132 266 137 125 219
11 459 120 229 208 330 355 168 149 500 243 220
11 459 120 229 208 330 355 168 226 221
11 459 120 229 208 330 355 485 151 50 469 268 347 222
11 459 120 229 208 330 355 168 149 223
11 459 120 229 208 330 355 485 151 498 224
11 459 120 229 208 330 355 485 151 50 469 336 225
11 459 120 229 208 330 355 168 226
11 459 120 229 208 209 183 20 92 227
11 459 120 229 208 330 355 168 354 83 483 56 400 228
11 459 120 229
11 459 120 229 208 330 355 168 354 272 105 230
11 459 120 229 208 330 355 231
11 459 120 229 208 330 355 168 354 448 489 123 166 311 381 232
11 459 120 229 208 330 355 231 233
11 459 120 229 208 330 132 73 25 234
11 459 120 229 208 330 355 485 151 235
11 459 120 229 208 330 355 231 148 285 471 236
11 459 120 229 208 330 355 485 151 50 469 336 225 237
11 459 120 229 208 54 238
11 459 120 229 208 330 355 168 354 272 239
11 459 120 229 208 330 271 80 408 240
11 459 120 229 208 330 132 73 393 477 247 363 163 241
11 459 120 229 208 330 355 168 354 242
11 459 120 229 208 330 355 168 149 500 243
11 459 120 229 208 330 355 168 354 293 244
11 459 120 229 208 54 245
11 459 120 229 208 330 355 168 354 83 287 96 246
11 459 120 229 208 330 132 73 393 477 247
11 459 120 229 208 330 271 80 408 337 248
11 459 120 229 208 330 355 485 249
11 459 120 229 208 330 355 168 226 221 58 319 104 254 378 250
11 459 120 229 208 330 355 168 149 500 243 251
11 459 120 229 208 330 271 294 252
11 459 120 229 208 330 355 231 148 253
11 459 120 229 208 330 355 168 226 221 58 319 104 254
11 459 120 229 208 330 355 168 354 448 489 123 166 311 193 255
11 459 120 229 208 330 355 168 226 38 256
11 459 120 229 208 257
11 459 120 229 208 330 355 485 258
11 459 120 229 208 209 265 461 259
11 459 120 229 208 330 355 485 151 50 469 260
11 459 120 229 208 330 355 485 151 235 55 203 391 261
11 459 120 229 208 64 402 262
11 459 120 229 208 330 355 168 354 448 489 123 166 311 381 263
11 459 120 229 208 330 355 168 354 272 105 230 264
11 459 120 229 208 209 265
11 459 120 229 208 330 132 266
11 459 120 229 359 267
11 459 120 229 208 330 355 485 151 50 469 268
11 459 120 229 208 330 132 73 393 477 247 430 306 71 269
11 459 120 229 208 330 355 168 149 2 308 270
11 459 120 229 208 330 271
11 459 120 229 208 330 355 168 354 272
11 459 120 229 208 128 305 361 186 172 273
11 459 120 229 208 330 69 274
11 459 120 229 208 330 355 168 354 272 105 332 275
11 459 120 229 208 330 355 231 148 285 373 357 197 276
11 459 120 229 208 330 355 168 354 272 105 133 188 143 178 277
11 459 120 229 208 330 355 231 148 488 134 187 278
11 459 120 229 208 330 355 168 354 448 489 123 166 279
11 459 120 229 208 330 355 231 148 285 373 280
11 459 120 229 208 330 355 168 226 221 58 319 104 254 378 39 281
11 459 120 229 208 330 355 485 151 498 70 282
11 459 120 229 208 330 355 485 151 50 283
11 459 120 229 208 330 355 168 354 448 489 123 166 362 284
11 459 120 229 208 330 355 231 148 285
11 459 120 229 208 330 355 168 354 448 489 286
11 459 120 229 208 330 355 168 354 83 287
11 459 120 229 208 330 355 168 354 448 489 123 166 311 381 288
11 459 120 229 208 330 132 73 338 493 289
11 459 120 229 208 330 355 485 151 290
11 459 120 229 208 330 355 231 148 285 373 357 291
11 459 120 229 208 330 355 168 354 448 489 123 166 279 292
11 459 120 229 208 330 355 168 354 293
11 459 120 229 208 330 271 294
11 459 120 229 208 330 355 485 151 50 469 295
11 459 120 229 208 128 305 361 186 172 273 296
11 459 120 229 208 209 265 461 259 297
11 459 120 229 208 257 212 3 298
11 459 120 229 208 330 355 168 149 299
11 459 120 229 208 330 132 73 25 190 179 300
11 459 120 229 208 330 439 301
11 459 120 229 208 330 355 168 354 448 489 123 166 311 381 232 302
11 459 120 229 359 303
11 459 120 229 208 330 355 168 149 500 243 155 304
11 459 120 229 208 128 305
11 459 120 229 208 330 132 73 393 477 247 430 306
11 459 120 229 208 330 355 485 151 235 55 203 391 307
11 459 120 229 208 330 355 168 149 2 308
11 459 120 229 208 330 355 485 151 290 309
11 459 120 229 208 330 355 168 354 272 105 332 275 310
11 459 120 229 208 330 355 168 354 448 489 123 166 311
11 459 120 229 208 330 271 294 252 312
11 459 120 229 208 330 355 168 354 448 489 123 166 311 193 353 313
11 459 120 229 208 257 212 3 314
11 459 120 229 208 330 355 168 354 272 105 332 275 106 315
11 459 120 229 208 330 132 73 393 19 316
11 459 120 229 208 330 355 485 151 50 469 268 347 222 214 317
11 459 120 229 208 330 439 390 318
11 459 120 229 208 330 355 168 226 221 58 319
11 459 120 229 208 330 355 168 354 83 320
11 459 120 229 208 330 132 73 393 321
11 459 120 229 208 330 355 322
11 459 120 229 208 330 355 77 323
11 459 120 229 208 330 271 80 408 337 351 324
11 459 120 229 208 330 355 485 151 50 469 268 325
11 459 120 229 208 330 355 168 354 272 105 230 326
11 459 120 229 208 330 355 485 151 235 327
11 459 120 229 208 330 355 168 354 448 489 123 166 311 193 353 146 328
11 459 120 229 208 330 355 168 149 500 243 220 329
11 459 120 229 208 330
11 459 120 229 208 330 132 73 393 331
11 459 120 229 208 330 355 168 354 272 105 332
11 459 120 229 208 330 355 485 151 235 55 203 142 333
11 459 120 229 208 330 271 294 252 312 334
11 459 120 229 208 330 132 73 393 331 335
11 459 120 229 208 330 355 485 151 50 469 336
11 459 120 229 208 330 271 80 408 337
11 459 120 229 208 330 132 73 338
11 459 120 229 208 330 355 168 354 272 105 230 339
11 459 120 229 208 330 355 168 149 500 243 155 340
11 459 120 229 208 330 355 231 148 488 134 341
11 459 120 229 208 330 132 73 393 477 247 363 163 342
11 459 120 229 208 330 355 168 354 448 489 123 166 311 193 182 343
11 459 120 229 208 330 355 168 354 83 483 56 72 129 344
11 459 120 345
11 459 120 229 208 330 355 168 354 448 489 123 166 311 193 182 346
11 459 120 229 208 330 355 485 151 50 469 268 347
11 459 120 229 208 330 355 168 354 83 348
11 459 120 229 208 330 355 168 354 448 489 123 349
11 459 120 229 208 330 355 168 354 272 105 332 275 106 315 350
11 459 120 229 208 330 271 80 408 337 351
11 459 120 229 208 330 355 168 354 448 489 123 166 311 193 182 352
11 459 120 229 208 330 355 168 354 448 489 123 166 311 193 353
11 459 120 229 208 330 355 168 354
11 459 120 229 208 330 355
11 459 120 229 208 330 355 485 151 235 55 165 356
11 459 120 229 208 330 355 231 148 285 373 357
11 459 120 229 208 330 355 485 249 358
11 459 120 229 359
11 459 120 229 208 330 355 168 354 83 348 4 360
11 459 120 229 208 128 305 361
11 459 120 229 208 330 355 168 354 448 489 123 166 362
11 459 120 229 208 330 132 73 393 477 247 363
11 459 120 229 208 330 132 73 25 190 364
11 459 120 229 208 330 132 73 393 477 247 363 163 241 200 365
11 459 120 229 208 330 355 485 151 50 469 336 225 237 366
11 459 120 229 208 330 355 168 226 221 58 319 367
11 459 120 229 208 330 271 80 408 368
11 459 120 229 208 330 355 168 354 83 287 369
11 459 120 229 208 330 355 168 354 272 105 230 370
11 459 120 229 208 330 132 73 393 477 247 363 371
11 459 120 229 208 330 355 168 354 83 320 372
11 459 120 229 208 330 355 231 148 285 373
11 459 120 229 208 330 355 485 151 50 469 268 374
11 459 120 229 208 330 355 168 354 448 489 123 166 311 381 470 375
11 459 120 229 208 330 355 168 354 150 376
11 459 120 229 208 330 355 168 354 448 406 377
11 459 120 229 208 330 355 168 226 221 58 319 104 254 378
11 459 120 229 208 330 355 485 121 57 147 379
11 459 120 229 208 330 355 485 151 290 309 380
11 459 120 229 208 330 355 168 354 448 489 123 166 311 381
11 459 120 229 208 330 355 168 354 448 489 123 166 362 29 382
11 459 120 229 208 54 383
11 459 120 229 208 330 355 168 354 448 489 286 445 384
11 459 120 229 208 330 355 168 354 448 489 123 166 311 193 182 100 385
11 459 120 229 208 330 355 485 386
11 459 120 229 208 330 355 485 151 235 55 203 391 387
11 459 120 229 208 330 132 73 393 477 247 430 306 78 388
11 459 120 229 208 330 355 168 354 448 489 123 349 389
11 459 120 229 208 330 439 390
11 459 120 229 208 330 355 485 151 235 55 203 391
11 459 120 229 208 330 439 390 392
11 459 120 229 208 330 132 73 393
11 459 120 229 208 330 355 168 354 150 376 394
11 459 120 229 359 497 395
11 459 120 229 208 330 355 485 249 396
11 459 397
11 459 120 229 208 330 355 231 148 488 134 398
11 459 120 229 208 330 355 168 354 448 489 286 491 399
11 459 120 229 208 330 355 168 354 83 483 56 400
11 459 120 229 208 128 305 139 401
11 459 120 229 208 64 402
11 459 120 229 208 330 355 168 354 448 489 286 52 403
11 459 120 229 208 330 355 168 354 448 489 123 166 311 193 255 36 404
11 459 120 229 208 405
11 459 120 229 208 330 355 168 354 448 406
11 459 120 229 208 330 355 231 148 285 471 407
11 459 120 229 208 330 271 80 408
11 459 120 229 208 330 355 168 354 448 489 123 144 423 31 409
11 459 120 229 208 209 183 410
11 459 120 229 208 330 355 485 151 235 455 411
11 459 120 229 208 330 439 412
11 459 120 229 208 330 355 231 148 285 373 357 197 413
11 459 120 229 208 330 132 73 414
11 459 120 229 208 330 355 168 226 38 256 457 122 17 59 415
11 459 120 229 208 330 132 73 393 477 247 363 163 18 416
11 459 120 229 208 330 132 73 30 417
11 459 120 229 208 330 355 485 418
11 459 120 229 208 330 355 168 149 419
11 459 120 229 208 330 355 485 151 290 195 420
11 459 120 229 208 330 355 485 121 57 421
11 459 120 229 208 330 355 168 354 448 406 377 422
11 459 120 229 208 330 355 168 354 448 489 123 144 423
11 459 120 229 208 330 355 485 121 118 53 424
11 459 120 229 208 330 355 485 151 50 469 425
11 459 120 229 208 330 355 168 149 500 243 155 340 426
11 459 120 229 208 330 132 73 393 477 247 427
11 459 120 229 208 330 355 485 151 235 55 203 428
11 459 120 229 208 330 355 168 149 500 243 155 304 429
11 459 120 229 208 330 132 73 393 477 247 430
11 459 120 229 208 330 355 168 354 448 489 123 431
11 459 120 229 208 330 132 73 393 477 247 430 306 432
11 459 120 229 208 330 132 73 393 477 247 430 306 433
11 459 120 229 208 330 132 73 25 190 364 434
11 459 120 229 208 330 355 168 354 448 406 435
11 459 120 229 208 330 355 485 151 498 436
11 459 120 229 208 330 355 485 151 437
11 459 120 229 208 330 132 73 393 477 247 363 163 438
11 459 120 229 208 330 439
11 459 120 229 208 330 355 485 121 57 440
11 459 120 229 441
11 459 120 229 208 330 355 168 354 448 489 123 166 311 193 182 442
11 459 120 229 208 257 443
11 459 120 229 208 128 305 444
11 459 120 229 208 330 355 168 354 448 489 286 445
11 459 120 229 208 330 355 168 354 448 489 123 166 311 193 182 442 136 446
11 459 120 229 208 405 447
11 459 120 229 208 330 355 168 354 448
11 459 120 229 208 330 69 449
11 459 120 229 208 330 355 231 148 285 450
11 459 120 229 208 330 355 168 354 448 489 123 166 311 193 353 451
11 459 120 229 208 330 355 168 149 500 243 155 452
11 459 120 229 208 330 132 73 30 453
11 459 120 229 208 330 355 231 148 285 373 357 197 276 454
11 459 120 229 208 330 355 485 151 235 455
11 459 120 229 208 257 212 3 456
11 459 120 229 208 330 355 168 226 38 256 457
11 459 120 229 208 330 355 231 148 488 134 341 458
11 459
11 459 120 229 208 330 355 168 354 448 489 123 144 460
11 459 120 229 208 209 265 461
11 459 120 229 208 330 132 73 25 190 462
11 459 120 229 208 330 355 231 148 285 373 357 197 463
11 459 120 229 208 330 355 168 354 448 489 123 166 311 193 464
11 459 120 229 208 330 355 485 151 50 469 260 465
11 459 120 229 208 330 355 168 354 83 287 96 246 466
11 459 120 229 208 330 355 168 149 500 243 467
11 459 120 229 208 330 355 168 354 448 489 123 166 311 381 468
11 459 120 229 208 330 355 485 151 50 469
11 459 120 229 208 330 355 168 354 448 489 123 166 311 381 470
11 459 120 229 208 330 355 231 148 285 471
11 459 120 229 208 209 472
11 459 120 229 208 64 402 473
11 459 120 229 208 330 355 168 226 202 474
11 459 120 229 208 330 132 73 393 477 247 363 371 475
11 459 120 229 208 330 355 485 151 50 469 336 82 476
11 459 120 229 208 330 132 73 393 477
11 459 120 229 208 209 183 20 92 227 478
11 459 120 229 208 330 355 168 354 448 406 213 479
11 459 120 229 208 330 355 168 354 448 406 213 479 480
11 459 120 229 208 257 212 3 481
11 459 120 229 208 330 355 485 151 437 482
11 459 120 229 208 330 355 168 354 83 483
11 459 120 229 208 330 439 412 484
11 459 120 229 208 330 355 485
11 459 120 229 208 330 355 168 354 83 348 4 486
11 459 120 229 208 330 355 168 226 221 58 319 104 254 378 487
11 459 120 229 208 330 355 231 148 488
11 459 120 229 208 330 355 168 354 448 489
11 459 120 229 208 128 305 361 186 490
11 459 120 229 208 330 355 168 354 448 489 286 491
11 459 120 229 208 330 355 485 121 189 492
11 459 120 229 208 330 132 73 338 493
11 459 120 229 208 330 355 168 354 494
11 459 120 229 208 330 355 485 151 50 469 268 347 495
11 459 120 229 208 330 355 168 226 38 256 457 122 17 59 496
11 459 120 229 359 497
11 459 120 229 208 330 355 485 151 498
11 459 120 229 208 330 355 168 149 500 243 155 304 499
11 459 120 229 208 330 355 168 149 500
